  File: 'README'
  Size: 13110     	Blocks: 32         IO Block: 4096   regular file
Device: fc00h/64512d	Inode: 22791746    Links: 1
Access: (0664/-rw-rw-r--)  Uid: ( 1069/   yl506)   Gid: ( 1072/   yl506)
Access: 2017-10-08 17:09:58.772556478 -0400
Modify: 2017-10-07 17:06:56.289105363 -0400
Change: 2017-10-07 17:06:56.289105363 -0400
 Birth: -
